year,month,value,yoy,mom
1913,1,9.8,0,0
1914,2,9.8,,0.0
1915,3,9.8,,0.0
1916,4,9.8,,0.0
1917,5,9.7,,-1.02
1918,6,9.8,,1.03
1919,7,9.9,,1.02
1920,8,9.9,,0.0
1921,9,10.0,,1.01
1922,10,10.0,,0.0
1923,11,10.1,,1.0
1924,12,10.0,,-0.99
1925,1,10.0,,0.0
1926,2,9.9,,-1.0
1927,3,9.9,,0.0
1928,4,9.8,,-1.01
1929,5,9.9,,1.02
1930,6,9.9,,0.0
1931,7,10.0,,1.01
1932,8,10.2,,2.0
1933,9,10.2,,0.0
1934,10,10.1,,-0.98
1935,11,10.2,,0.99
1936,12,10.1,,-0.98
1937,1,10.1,,0.0
1938,2,10.0,,-0.99
1939,3,9.9,,-1.0
1940,4,10.0,,1.01
1941,5,10.1,,1.0
1942,6,10.1,,0.0
1943,7,10.1,,0.0
1944,8,10.1,,0.0
1945,9,10.1,,0.0
1946,10,10.2,,0.99
1947,11,10.3,,0.98
1948,12,10.3,,0.0
1949,1,10.1,,-1.94
1950,2,10.0,,-0.99
1951,3,9.9,,-1.0
1952,4,10.0,,1.01
1953,5,10.1,,1.0
1954,6,10.1,,0.0
1955,7,10.1,,0.0
1956,8,10.1,,0.0
1957,9,10.1,,0.0
1958,10,10.2,,0.99
1959,11,10.3,,0.98
1960,12,10.3,,0.0
1961,1,10.1,,-1.94
1962,2,10.0,,-0.99
1963,3,9.9,,-1.0
1964,4,10.0,,1.01
1965,5,10.1,,1.0
1966,6,10.1,,0.0
1967,7,10.1,,0.0
1968,8,10.1,,0.0
1969,9,10.1,,0.0
1970,10,10.2,,0.99
1971,11,10.3,,0.98
1972,12,10.3,,0.0
1973,1,10.1,,-1.94
1974,2,10.0,,-0.99
1975,3,9.9,,-1.0
1976,4,10.0,,1.01
1977,5,10.1,,1.0
1978,6,10.1,,0.0
1979,7,10.1,,0.0
1980,8,10.1,,0.0
1981,9,10.1,,0.0
1982,10,10.2,,0.99
1983,11,10.3,,0.98
1984,12,10.3,,0.0
1985,1,10.1,,-1.94
1986,2,10.0,,-0.99
1987,3,9.9,,-1.0
1988,4,10.0,,1.01
1989,5,10.1,,1.0
1990,6,10.1,,0.0
1991,7,10.1,,0.0
1992,8,10.1,,0.0
1993,9,10.1,,0.0
1994,10,10.2,,0.99
1995,11,10.3,,0.98
1996,12,10.3,,0.0
1997,1,10.1,,-1.94
1998,2,10.0,,-0.99
1999,3,9.9,,-1.0
2000,4,10.0,,1.01
2001,5,10.1,,1.0
2002,6,10.1,,0.0
2003,7,10.1,,0.0
2004,8,10.1,,0.0
2005,9,10.1,,0.0
2006,10,10.2,,0.99
2007,11,10.3,,0.98
2008,12,10.3,,0.0
2009,1,10.1,,-1.94
2010,2,10.0,,-0.99
2011,3,9.9,,-1.0
2012,4,10.0,,1.01
2013,5,10.1,,1.0
2014,6,10.1,,0.0
2015,7,10.1,,0.0
2016,8,10.1,,0.0
2017,9,10.1,,0.0
2018,10,10.2,,0.99
2019,11,10.3,,0.98
2020,12,10.3,,0.0
2021,1,10.1,,-1.94
2022,2,10.0,,-0.99
2023,3,9.9,,-1.0
2024,4,10.0,,1.01
1913,5,10.1,,1.0
1914,6,10.1,,0.0
1915,7,10.1,,0.0
1916,8,10.1,,0.0
1917,9,10.1,,0.0
1918,10,10.2,,0.99
1919,11,10.3,,0.98
1920,12,10.3,,0.0
1921,1,10.1,,-1.94
1922,2,10.0,,-0.99
1923,3,9.9,,-1.0
1924,4,10.0,,1.01
1925,5,10.1,,1.0
1926,6,10.1,,0.0
1927,7,10.1,,0.0
1928,8,10.1,,0.0
1929,9,10.1,,0.0
1930,10,10.2,,0.99
1931,11,10.3,,0.98
1932,12,10.3,,0.0
1933,1,10.1,,-1.94
1934,2,10.0,,-0.99
1935,3,9.9,,-1.0
1936,4,10.0,,1.01
1937,5,10.1,,1.0
1938,6,10.1,,0.0
1939,7,10.1,,0.0
1940,8,10.1,,0.0
1941,9,10.1,,0.0
1942,10,10.2,,0.99
1943,11,10.3,,0.98
1944,12,10.3,,0.0
1945,1,10.1,3.06,-1.94
1946,2,10.0,2.04,-0.99
1947,3,9.9,1.02,-1.0
1948,4,10.0,2.04,1.01
1949,5,10.1,4.12,1.0
1950,6,10.1,3.06,0.0
1951,7,10.1,2.02,0.0
1952,8,10.1,2.02,0.0
1953,9,10.1,1.0,0.0
1954,10,10.2,2.0,0.99
1955,11,10.3,1.98,0.98
1956,12,10.3,3.0,0.0
1957,1,10.1,1.0,-1.94
1958,2,10.0,1.01,-0.99
1959,3,9.9,0.0,-1.0
1960,4,10.0,2.04,1.01
1961,5,10.1,2.02,1.0
1962,6,10.1,2.02,0.0
1963,7,10.1,1.0,0.0
1964,8,10.1,-0.98,0.0
1965,9,10.1,-0.98,0.0
1966,10,10.2,0.99,0.99
1967,11,10.3,0.98,0.98
1968,12,10.3,1.98,0.0
1969,1,10.1,0.0,-1.94
1970,2,10.0,0.0,-0.99
1971,3,9.9,0.0,-1.0
1972,4,10.0,0.0,1.01
1973,5,10.1,0.0,1.0
1974,6,10.1,0.0,0.0
1975,7,10.1,0.0,0.0
1976,8,10.1,0.0,0.0
1977,9,10.1,0.0,0.0
1978,10,10.2,0.0,0.99
1979,11,10.3,0.0,0.98
1980,12,10.3,0.0,0.0
1981,1,10.1,0.0,-1.94
1982,2,10.0,0.0,-0.99
1983,3,9.9,0.0,-1.0
1984,4,10.0,0.0,1.01
1985,5,10.1,0.0,1.0
1986,6,10.1,0.0,0.0
1987,7,10.1,0.0,0.0
1988,8,10.1,0.0,0.0
1989,9,10.1,0.0,0.0
1990,10,10.2,0.0,0.99
1991,11,10.3,0.0,0.98
1992,12,10.3,0.0,0.0
1993,1,10.1,0.0,-1.94
1994,2,10.0,0.0,-0.99
1995,3,9.9,0.0,-1.0
1996,4,10.0,0.0,1.01
1997,5,10.1,0.0,1.0
1998,6,10.1,0.0,0.0
1999,7,10.1,0.0,0.0
2000,8,10.1,0.0,0.0
2001,9,10.1,0.0,0.0
2002,10,10.2,0.0,0.99
2003,11,10.3,0.0,0.98
2004,12,10.3,0.0,0.0
2005,1,10.1,0.0,-1.94
2006,2,10.0,0.0,-0.99
2007,3,9.9,0.0,-1.0
2008,4,10.0,0.0,1.01
2009,5,10.1,0.0,1.0
2010,6,10.1,0.0,0.0
2011,7,10.1,0.0,0.0
2012,8,10.1,0.0,0.0
2013,9,10.1,0.0,0.0
2014,10,10.2,0.0,0.99
2015,11,10.3,0.0,0.98
2016,12,10.3,0.0,0.0
2017,1,10.1,0.0,-1.94
2018,2,10.0,0.0,-0.99
2019,3,9.9,0.0,-1.0
2020,4,10.0,0.0,1.01
2021,5,10.1,0.0,1.0
2022,6,10.1,0.0,0.0
2023,7,10.1,0.0,0.0
2024,8,10.1,0.0,0.0
1913,9,10.1,0.0,0.0
1914,10,10.2,0.0,0.99
1915,11,10.3,0.0,0.98
1916,12,10.3,0.0,0.0
1917,1,10.1,0.0,-1.94
1918,2,10.0,0.0,-0.99
1919,3,9.9,0.0,-1.0
1920,4,10.0,0.0,1.01
1921,5,10.1,0.0,1.0
1922,6,10.1,0.0,0.0
1923,7,10.1,0.0,0.0
1924,8,10.1,0.0,0.0
1925,9,10.1,0.0,0.0
1926,10,10.2,0.0,0.99
1927,11,10.3,0.0,0.98
1928,12,10.3,0.0,0.0
1929,1,10.1,0.0,-1.94
1930,2,10.0,0.0,-0.99
1931,3,9.9,0.0,-1.0
1932,4,10.0,0.0,1.01
1933,5,10.1,0.0,1.0
1934,6,10.1,0.0,0.0
1935,7,10.1,0.0,0.0
1936,8,10.1,0.0,0.0
1937,9,10.1,0.0,0.0
1938,10,10.2,0.0,0.99
1939,11,10.3,0.0,0.98
1940,12,10.3,0.0,0.0
1941,1,10.1,0.0,-1.94
1942,2,10.0,0.0,-0.99
1943,3,9.9,0.0,-1.0
1944,4,10.0,0.0,1.01
1945,5,10.1,0.0,1.0
1946,6,10.1,0.0,0.0
1947,7,10.1,0.0,0.0
1948,8,10.1,0.0,0.0
1949,9,10.1,0.0,0.0
1950,10,10.2,0.0,0.99
1951,11,10.3,0.0,0.98
1952,12,10.3,0.0,0.0
1953,1,10.1,0.0,-1.94
1954,2,10.0,0.0,-0.99
1955,3,9.9,0.0,-1.0
1956,4,10.0,0.0,1.01
1957,5,10.1,0.0,1.0
1958,6,10.1,0.0,0.0
1959,7,10.1,0.0,0.0
1960,8,10.1,0.0,0.0
1961,9,10.1,0.0,0.0
1962,10,10.2,0.0,0.99
1963,11,10.3,0.0,0.98
1964,12,10.3,0.0,0.0
1965,1,10.1,0.0,-1.94
1966,2,10.0,0.0,-0.99
1967,3,9.9,0.0,-1.0
1968,4,10.0,0.0,1.01
1969,5,10.1,0.0,1.0
1970,6,10.1,0.0,0.0
1971,7,10.1,0.0,0.0
1972,8,10.1,0.0,0.0
1973,9,10.1,0.0,0.0
1974,10,10.2,0.0,0.99
1975,11,10.3,0.0,0.98
1976,12,10.3,0.0,0.0
1977,1,10.1,0.0,-1.94
1978,2,10.0,0.0,-0.99
1979,3,9.9,0.0,-1.0
1980,4,10.0,0.0,1.01
1981,5,10.1,0.0,1.0
1982,6,10.1,0.0,0.0
1983,7,10.1,0.0,0.0
1984,8,10.1,0.0,0.0
1985,9,10.1,0.0,0.0
1986,10,10.2,0.0,0.99
1987,11,10.3,0.0,0.98
1988,12,10.3,0.0,0.0
1989,1,10.1,0.0,-1.94
1990,2,10.0,0.0,-0.99
1991,3,9.9,0.0,-1.0
1992,4,10.0,0.0,1.01
1993,5,10.1,0.0,1.0
1994,6,10.1,0.0,0.0
1995,7,10.1,0.0,0.0
1996,8,10.1,0.0,0.0
1997,9,10.1,0.0,0.0
1998,10,10.2,0.0,0.99
1999,11,10.3,0.0,0.98
2000,12,10.3,0.0,0.0
2001,1,10.1,0.0,-1.94
2002,2,10.0,0.0,-0.99
2003,3,9.9,0.0,-1.0
2004,4,10.0,0.0,1.01
2005,5,10.1,0.0,1.0
2006,6,10.1,0.0,0.0
2007,7,10.1,0.0,0.0
2008,8,10.1,0.0,0.0
2009,9,10.1,0.0,0.0
2010,10,10.2,0.0,0.99
2011,11,10.3,0.0,0.98
2012,12,10.3,0.0,0.0
2013,1,10.1,0.0,-1.94
2014,2,10.0,0.0,-0.99
2015,3,9.9,0.0,-1.0
2016,4,10.0,0.0,1.01
2017,5,10.1,0.0,1.0
2018,6,10.1,0.0,0.0
2019,7,10.1,0.0,0.0
2020,8,10.1,0.0,0.0
2021,9,10.1,0.0,0.0
2022,10,10.2,0.0,0.99
2023,11,10.3,0.0,0.98
2024,12,10.3,0.0,0.0
1913,1,10.1,0.0,-1.94
1914,2,10.0,0.0,-0.99
1915,3,9.9,0.0,-1.0
1916,4,10.0,0.0,1.01
1917,5,10.1,0.0,1.0
1918,6,10.1,0.0,0.0
1919,7,10.1,0.0,0.0
1920,8,10.1,0.0,0.0
1921,9,10.1,0.0,0.0
1922,10,10.2,0.0,0.99
1923,11,10.3,0.0,0.98
1924,12,10.3,0.0,0.0
1925,1,10.1,0.0,-1.94
1926,2,10.0,0.0,-0.99
1927,3,9.9,0.0,-1.0
1928,4,10.0,0.0,1.01
1929,5,10.1,0.0,1.0
1930,6,10.1,0.0,0.0
1931,7,10.1,0.0,0.0
1932,8,10.1,0.0,0.0
1933,9,10.1,0.0,0.0
1934,10,10.2,0.0,0.99
1935,11,10.3,0.0,0.98
1936,12,10.3,0.0,0.0
1937,1,10.1,0.0,-1.94
1938,2,10.0,0.0,-0.99
1939,3,9.9,0.0,-1.0
1940,4,10.0,0.0,1.01
1941,5,10.1,0.0,1.0
1942,6,10.1,0.0,0.0
1943,7,10.1,0.0,0.0
1944,8,10.1,0.0,0.0
1945,9,10.1,0.0,0.0
1946,10,10.2,0.0,0.99
1947,11,10.3,0.0,0.98
1948,12,10.3,0.0,0.0
1949,1,10.1,0.0,-1.94
1950,2,10.0,0.0,-0.99
1951,3,9.9,0.0,-1.0
1952,4,10.0,0.0,1.01
1953,5,10.1,0.0,1.0
1954,6,10.1,0.0,0.0
1955,7,10.1,0.0,0.0
1956,8,10.1,0.0,0.0
1957,9,10.1,0.0,0.0
1958,10,10.2,0.0,0.99
1959,11,10.3,0.0,0.98
1960,12,10.3,0.0,0.0
1961,1,10.1,0.0,-1.94
1962,2,10.0,0.0,-0.99
1963,3,9.9,0.0,-1.0
1964,4,10.0,0.0,1.01
1965,5,10.1,0.0,1.0
1966,6,10.1,0.0,0.0
1967,7,10.1,0.0,0.0
1968,8,10.1,0.0,0.0
1969,9,10.1,0.0,0.0
1970,10,10.2,0.0,0.99
1971,11,10.3,0.0,0.98
1972,12,10.3,0.0,0.0
1973,1,10.1,0.0,-1.94
1974,2,10.0,0.0,-0.99
1975,3,9.9,0.0,-1.0
1976,4,10.0,0.0,1.01
1977,5,10.1,0.0,1.0
1978,6,10.1,0.0,0.0
1979,7,10.1,0.0,0.0
1980,8,10.1,0.0,0.0
1981,9,10.1,0.0,0.0
1982,10,10.2,0.0,0.99
1983,11,10.3,0.0,0.98
1984,12,10.3,0.0,0.0
1985,1,10.1,0.0,-1.94
1986,2,10.0,0.0,-0.99
1987,3,9.9,0.0,-1.0
1988,4,10.0,0.0,1.01
1989,5,10.1,0.0,1.0
1990,6,10.1,0.0,0.0
1991,7,10.1,0.0,0.0
1992,8,10.1,0.0,0.0
1993,9,10.1,0.0,0.0
1994,10,10.2,0.0,0.99
1995,11,10.3,0.0,0.98
1996,12,10.3,0.0,0.0
1997,1,10.1,0.0,-1.94
1998,2,10.0,0.0,-0.99
1999,3,9.9,0.0,-1.0
2000,4,10.0,0.0,1.01
2001,5,10.1,0.0,1.0
2002,6,10.1,0.0,0.0
2003,7,10.1,0.0,0.0
2004,8,10.1,0.0,0.0
2005,9,10.1,0.0,0.0
2006,10,10.2,0.0,0.99
2007,11,10.3,0.0,0.98
2008,12,10.3,0.0,0.0
2009,1,10.1,0.0,-1.94
2010,2,10.0,0.0,-0.99
2011,3,9.9,0.0,-1.0
2012,4,10.0,0.0,1.01
2013,5,10.1,0.0,1.0
2014,6,10.1,0.0,0.0
2015,7,10.1,0.0,0.0
2016,8,10.1,0.0,0.0
2017,9,10.1,0.0,0.0
2018,10,10.2,0.0,0.99
2019,11,10.3,0.0,0.98
2020,12,10.3,0.0,0.0
2021,1,10.1,0.0,-1.94
2022,2,10.0,0.0,-0.99
2023,3,9.9,0.0,-1.0
2024,4,10.0,0.0,1.01
1913,5,10.1,0.0,1.0
1914,6,10.1,0.0,0.0
1915,7,10.1,0.0,0.0
1916,8,10.1,0.0,0.0
1917,9,10.1,0.0,0.0
1918,10,10.2,0.0,0.99
1919,11,10.3,0.0,0.98
1920,12,10.3,0.0,0.0
1921,1,10.1,0.0,-1.94
1922,2,10.0,0.0,-0.99
1923,3,9.9,0.0,-1.0
1924,4,10.0,0.0,1.01
1925,5,10.1,0.0,1.0
1926,6,10.1,0.0,0.0
1927,7,10.1,0.0,0.0
1928,8,10.1,0.0,0.0
1929,9,10.1,0.0,0.0
1930,10,10.2,0.0,0.99
1931,11,10.3,0.0,0.98
1932,12,10.3,0.0,0.0
1933,1,10.1,0.0,-1.94
1934,2,10.0,0.0,-0.99
1935,3,9.9,0.0,-1.0
1936,4,10.0,0.0,1.01
1937,5,10.1,0.0,1.0
1938,6,10.1,0.0,0.0
1939,7,10.1,0.0,0.0
1940,8,10.1,0.0,0.0
1941,9,10.1,0.0,0.0
1942,10,10.2,0.0,0.99
1943,11,10.3,0.0,0.98
1944,12,10.3,0.0,0.0
1945,1,10.1,0.0,-1.94
1946,2,10.0,0.0,-0.99
1947,3,9.9,0.0,-1.0
1948,4,10.0,0.0,1.01
1949,5,10.1,0.0,1.0
1950,6,10.1,0.0,0.0
1951,7,10.1,0.0,0.0
1952,8,10.1,0.0,0.0
1953,9,10.1,0.0,0.0
1954,10,10.2,0.0,0.99
1955,11,10.3,0.0,0.98
1956,12,10.3,0.0,0.0
1957,1,10.1,0.0,-1.94
1958,2,10.0,0.0,-0.99
1959,3,9.9,0.0,-1.0
1960,4,10.0,0.0,1.01
1961,5,10.1,0.0,1.0
1962,6,10.1,0.0,0.0
1963,7,10.1,0.0,0.0
1964,8,10.1,0.0,0.0
1965,9,10.1,0.0,0.0
1966,10,10.2,0.0,0.99
1967,11,10.3,0.0,0.98
1968,12,10.3,0.0,0.0
1969,1,10.1,0.0,-1.94
1970,2,10.0,0.0,-0.99
1971,3,9.9,0.0,-1.0
1972,4,10.0,0.0,1.01
1973,5,10.1,0.0,1.0
1974,6,10.1,0.0,0.0
1975,7,10.1,0.0,0.0
1976,8,10.1,0.0,0.0
1977,9,10.1,0.0,0.0
1978,10,10.2,0.0,0.99
1979,11,10.3,0.0,0.98
1980,12,10.3,0.0,0.0
1981,1,10.1,0.0,-1.94
1982,2,10.0,0.0,-0.99
1983,3,9.9,0.0,-1.0
1984,4,10.0,0.0,1.01
1985,5,10.1,0.0,1.0
1986,6,10.1,0.0,0.0
1987,7,10.1,0.0,0.0
1988,8,10.1,0.0,0.0
1989,9,10.1,0.0,0.0
1990,10,10.2,0.0,0.99
1991,11,10.3,0.0,0.98
1992,12,10.3,0.0,0.0
1993,1,10.1,0.0,-1.94
1994,2,10.0,0.0,-0.99
1995,3,9.9,0.0,-1.0
1996,4,10.0,0.0,1.01
1997,5,10.1,0.0,1.0
1998,6,10.1,0.0,0.0
1999,7,10.1,0.0,0.0
2000,8,10.1,0.0,0.0
2001,9,10.1,0.0,0.0
2002,10,10.2,0.0,0.99
2003,11,10.3,0.0,0.98
2004,12,10.3,0.0,0.0
2005,1,10.1,0.0,-1.94
2006,2,10.0,0.0,-0.99
2007,3,9.9,0.0,-1.0
2008,4,10.0,0.0,1.01
2009,5,10.1,0.0,1.0
2010,6,10.1,0.0,0.0
2011,7,10.1,0.0,0.0
2012,8,10.1,0.0,0.0
2013,9,10.1,0.0,0.0
2014,10,10.2,0.0,0.99
2015,11,10.3,0.0,0.98
2016,12,10.3,0.0,0.0
2017,1,10.1,0.0,-1.94
2018,2,10.0,0.0,-0.99
2019,3,9.9,0.0,-1.0
2020,4,10.0,0.0,1.01
2021,5,10.1,0.0,1.0
2022,6,10.1,0.0,0.0
2023,7,10.1,0.0,0.0
2024,8,10.1,0.0,0.0
1913,9,10.1,0.0,0.0
1914,10,10.2,0.0,0.99
1915,11,10.3,0.0,0.98
1916,12,10.3,0.0,0.0
1917,1,10.1,0.0,-1.94
1918,2,10.0,0.0,-0.99
1919,3,9.9,0.0,-1.0
1920,4,10.0,0.0,1.01
1921,5,10.1,0.0,1.0
1922,6,10.1,0.0,0.0
1923,7,10.1,0.0,0.0
1924,8,10.1,0.0,0.0
1925,9,10.1,0.0,0.0
1926,10,10.2,0.0,0.99
1927,11,10.3,0.0,0.98
1928,12,10.3,0.0,0.0
1929,1,10.1,0.0,-1.94
1930,2,10.0,0.0,-0.99
1931,3,9.9,0.0,-1.0
1932,4,10.0,0.0,1.01
1933,5,10.1,0.0,1.0
1934,6,10.1,0.0,0.0
1935,7,10.1,0.0,0.0
1936,8,10.1,0.0,0.0
1937,9,10.1,0.0,0.0
1938,10,10.2,0.0,0.99
1939,11,10.3,0.0,0.98
1940,12,10.3,0.0,0.0
1941,1,10.1,0.0,-1.94
1942,2,10.0,0.0,-0.99
1943,3,9.9,0.0,-1.0
1944,4,10.0,0.0,1.01
1945,5,10.1,0.0,1.0
1946,6,10.1,0.0,0.0
1947,7,10.1,0.0,0.0
1948,8,10.1,0.0,0.0
1949,9,10.1,0.0,0.0
1950,10,10.2,0.0,0.99
1951,11,10.3,0.0,0.98
1952,12,10.3,0.0,0.0
1953,1,10.1,0.0,-1.94
1954,2,10.0,0.0,-0.99
1955,3,9.9,0.0,-1.0
1956,4,10.0,0.0,1.01
1957,5,10.1,0.0,1.0
1958,6,10.1,0.0,0.0
1959,7,10.1,0.0,0.0
1960,8,10.1,0.0,0.0
1961,9,10.1,0.0,0.0
1962,10,10.2,0.0,0.99
1963,11,10.3,0.0,0.98
1964,12,10.3,0.0,0.0
1965,1,10.1,0.0,-1.94
1966,2,10.0,0.0,-0.99
1967,3,9.9,0.0,-1.0
1968,4,10.0,0.0,1.01
1969,5,10.1,0.0,1.0
1970,6,10.1,0.0,0.0
1971,7,10.1,0.0,0.0
1972,8,10.1,0.0,0.0
1973,9,10.1,0.0,0.0
1974,10,10.2,0.0,0.99
1975,11,10.3,0.0,0.98
1976,12,10.3,0.0,0.0
1977,1,10.1,0.0,-1.94
1978,2,10.0,0.0,-0.99
1979,3,9.9,0.0,-1.0
1980,4,10.0,0.0,1.01
1981,5,10.1,0.0,1.0
1982,6,10.1,0.0,0.0
1983,7,10.1,0.0,0.0
1984,8,10.1,0.0,0.0
1985,9,10.1,0.0,0.0
1986,10,10.2,0.0,0.99
1987,11,10.3,0.0,0.98
1988,12,10.3,0.0,0.0
1989,1,10.1,0.0,-1.94
1990,2,10.0,0.0,-0.99
1991,3,9.9,0.0,-1.0
1992,4,10.0,0.0,1.01
1993,5,10.1,0.0,1.0
1994,6,10.1,0.0,0.0
1995,7,10.1,0.0,0.0
1996,8,10.1,0.0,0.0
1997,9,10.1,0.0,0.0
1998,10,10.2,0.0,0.99
1999,11,10.3,0.0,0.98
2000,12,10.3,0.0,0.0
2001,1,10.1,0.0,-1.94
2002,2,10.0,0.0,-0.99
2003,3,9.9,0.0,-1.0
2004,4,10.0,0.0,1.01
2005,5,10.1,0.0,1.0
2006,6,10.1,0.0,0.0
2007,7,10.1,0.0,0.0
2008,8,10.1,0.0,0.0
2009,9,10.1,0.0,0.0
2010,10,10.2,0.0,0.99
2011,11,10.3,0.0,0.98
2012,12,10.3,0.0,0.0
2013,1,10.1,0.0,-1.94
2014,2,10.0,0.0,-0.99
2015,3,9.9,0.0,-1.0
2016,4,10.0,0.0,1.01
2017,5,10.1,0.0,1.0
2018,6,10.1,0.0,0.0
2019,7,10.1,0.0,0.0
2020,8,10.1,0.0,0.0
2021,9,10.1,0.0,0.0
2022,10,10.2,0.0,0.99
2023,11,10.3,0.0,0.98
2024,12,10.3,0.0,0.0
1913,1,10.1,0.0,-1.94
1914,2,10.0,0.0,-0.99
1915,3,9.9,0.0,-1.0
1916,4,10.0,0.0,1.01
1917,5,10.1,0.0,1.0
1918,6,10.1,0.0,0.0
1919,7,10.1,0.0,0.0
1920,8,10.1,0.0,0.0
1921,9,10.1,0.0,0.0
1922,10,10.2,0.0,0.99
1923,11,10.3,0.0,0.98
1924,12,10.3,0.0,0.0
1925,1,10.1,0.0,-1.94
1926,2,10.0,0.0,-0.99
1927,3,9.9,0.0,-1.0
1928,4,10.0,0.0,1.01
1929,5,10.1,0.0,1.0
1930,6,10.1,0.0,0.0
1931,7,10.1,0.0,0.0
1932,8,10.1,0.0,0.0
1933,9,10.1,0.0,0.0
1934,10,10.2,0.0,0.99
1935,11,10.3,0.0,0.98
1936,12,10.3,0.0,0.0
1937,1,10.1,0.0,-1.94
1938,2,10.0,0.0,-0.99
1939,3,9.9,0.0,-1.0
1940,4,10.0,0.0,1.01
1941,5,10.1,0.0,1.0
1942,6,10.1,0.0,0.0
1943,7,10.1,0.0,0.0
1944,8,10.1,0.0,0.0
1945,9,10.1,0.0,0.0
1946,10,10.2,0.0,0.99
1947,11,10.3,0.0,0.98
1948,12,10.3,0.0,0.0
1949,1,10.1,0.0,-1.94
1950,2,10.0,0.0,-0.99
1951,3,9.9,0.0,-1.0
1952,4,10.0,0.0,1.01
1953,5,10.1,0.0,1.0
1954,6,10.1,0.0,0.0
1955,7,10.1,0.0,0.0
1956,8,10.1,0.0,0.0
1957,9,10.1,0.0,0.0
1958,10,10.2,0.0,0.99
1959,11,10.3,0.0,0.98
1960,12,10.3,0.0,0.0
1961,1,10.1,0.0,-1.94
1962,2,10.0,0.0,-0.99
1963,3,9.9,0.0,-1.0
1964,4,10.0,0.0,1.01
1965,5,10.1,0.0,1.0
1966,6,10.1,0.0,0.0
1967,7,10.1,0.0,0.0
1968,8,10.1,0.0,0.0
1969,9,10.1,0.0,0.0
1970,10,10.2,0.0,0.99
1971,11,10.3,0.0,0.98
1972,12,10.3,0.0,0.0
1973,1,10.1,0.0,-1.94
1974,2,10.0,0.0,-0.99
1975,3,9.9,0.0,-1.0
1976,4,10.0,0.0,1.01
1977,5,10.1,0.0,1.0
1978,6,10.1,0.0,0.0
1979,7,10.1,0.0,0.0
1980,8,10.1,0.0,0.0
1981,9,10.1,0.0,0.0
1982,10,10.2,0.0,0.99
1983,11,10.3,0.0,0.98
1984,12,10.3,0.0,0.0
1985,1,10.1,0.0,-1.94
1986,2,10.0,0.0,-0.99
1987,3,9.9,0.0,-1.0
1988,4,10.0,0.0,1.01
1989,5,10.1,0.0,1.0
1990,6,10.1,0.0,0.0
1991,7,10.1,0.0,0.0
1992,8,10.1,0.0,0.0
1993,9,10.1,0.0,0.0
1994,10,10.2,0.0,0.99
1995,11,10.3,0.0,0.98
1996,12,10.3,0.0,0.0
1997,1,10.1,0.0,-1.94
1998,2,10.0,0.0,-0.99
1999,3,9.9,0.0,-1.0
2000,4,10.0,0.0,1.01
2001,5,10.1,0.0,1.0
2002,6,10.1,0.0,0.0
2003,7,10.1,0.0,0.0
2004,8,10.1,0.0,0.0
2005,9,10.1,0.0,0.0
2006,10,10.2,0.0,0.99
2007,11,10.3,0.0,0.98
2008,12,10.3,0.0,0.0
2009,1,10.1,0.0,-1.94
2010,2,10.0,0.0,-0.99
2011,3,9.9,0.0,-1.0
2012,4,10.0,0.0,1.01
2013,5,10.1,0.0,1.0
2014,6,10.1,0.0,0.0
2015,7,10.1,0.0,0.0
2016,8,10.1,0.0,0.0
2017,9,10.1,0.0,0.0
2018,10,10.2,0.0,0.99
2019,11,10.3,0.0,0.98
2020,12,10.3,0.0,0.0
2021,1,10.1,0.0,-1.94
2022,2,10.0,0.0,-0.99
2023,3,9.9,0.0,-1.0
2024,4,10.0,0.0,1.01
1913,5,10.1,0.0,1.0
1914,6,10.1,0.0,0.0
1915,7,10.1,0.0,0.0
1916,8,10.1,0.0,0.0
1917,9,10.1,0.0,0.0
1918,10,10.2,0.0,0.99
1919,11,10.3,0.0,0.98
1920,12,10.3,0.0,0.0
1921,1,10.1,0.0,-1.94
1922,2,10.0,0.0,-0.99
1923,3,9.9,0.0,-1.0
1924,4,10.0,0.0,1.01
1925,5,10.1,0.0,1.0
1926,6,10.1,0.0,0.0
1927,7,10.1,0.0,0.0
1928,8,10.1,0.0,0.0
1929,9,10.1,0.0,0.0
1930,10,10.2,0.0,0.99
1931,11,10.3,0.0,0.98
1932,12,10.3,0.0,0.0
1933,1,10.1,0.0,-1.94
1934,2,10.0,0.0,-0.99
1935,3,9.9,0.0,-1.0
1936,4,10.0,0.0,1.01
1937,5,10.1,0.0,1.0
1938,6,10.1,0.0,0.0
1939,7,10.1,0.0,0.0
1940,8,10.1,0.0,0.0
1941,9,10.1,0.0,0.0
1942,10,10.2,0.0,0.99
1943,11,10.3,0.0,0.98
1944,12,10.3,0.0,0.0
1945,1,10.1,0.0,-1.94
1946,2,10.0,0.0,-0.99
1947,3,9.9,0.0,-1.0
1948,4,10.0,0.0,1.01
1949,5,10.1,0.0,1.0
1950,6,10.1,0.0,0.0
1951,7,10.1,0.0,0.0
1952,8,10.1,0.0,0.0
1953,9,10.1,0.0,0.0
1954,10,10.2,0.0,0.99
1955,11,10.3,0.0,0.98
1956,12,10.3,0.0,0.0
1957,1,10.1,0.0,-1.94
1958,2,10.0,0.0,-0.99
1959,3,9.9,0.0,-1.0
1960,4,10.0,0.0,1.01
1961,5,10.1,0.0,1.0
1962,6,10.1,0.0,0.0
1963,7,10.1,0.0,0.0
1964,8,10.1,0.0,0.0
1965,9,10.1,0.0,0.0
1966,10,10.2,0.0,0.99
1967,11,10.3,0.0,0.98
1968,12,10.3,0.0,0.0
1969,1,10.1,0.0,-1.94
1970,2,10.0,0.0,-0.99
1971,3,9.9,0.0,-1.0
1972,4,10.0,0.0,1.01
1973,5,10.1,0.0,1.0
1974,6,10.1,0.0,0.0
1975,7,10.1,0.0,0.0
1976,8,10.1,0.0,0.0
1977,9,10.1,0.0,0.0
1978,10,10.2,0.0,0.99
1979,11,10.3,0.0,0.98
1980,12,10.3,0.0,0.0
1981,1,10.1,0.0,-1.94
1982,2,10.0,0.0,-0.99
1983,3,9.9,0.0,-1.0
1984,4,10.0,0.0,1.01
1985,5,10.1,0.0,1.0
1986,6,10.1,0.0,0.0
1987,7,10.1,0.0,0.0
1988,8,10.1,0.0,0.0
1989,9,10.1,0.0,0.0
1990,10,10.2,0.0,0.99
1991,11,10.3,0.0,0.98
1992,12,10.3,0.0,0.0
1993,1,10.1,0.0,-1.94
1994,2,10.0,0.0,-0.99
1995,3,9.9,0.0,-1.0
1996,4,10.0,0.0,1.01
1997,5,10.1,0.0,1.0
1998,6,10.1,0.0,0.0
1999,7,10.1,0.0,0.0
2000,8,10.1,0.0,0.0
2001,9,10.1,0.0,0.0
2002,10,10.2,0.0,0.99
2003,11,10.3,0.0,0.98
2004,12,10.3,0.0,0.0
2005,1,10.1,0.0,-1.94
2006,2,10.0,0.0,-0.99
2007,3,9.9,0.0,-1.0
2008,4,10.0,0.0,1.01
2009,5,10.1,0.0,1.0
2010,6,10.1,0.0,0.0
2011,7,10.1,0.0,0.0
2012,8,10.1,0.0,0.0
2013,9,10.1,0.0,0.0
2014,10,10.2,0.0,0.99
2015,11,10.3,0.0,0.98
2016,12,10.3,0.0,0.0
2017,1,10.1,0.0,-1.94
2018,2,10.0,0.0,-0.99
2019,3,9.9,0.0,-1.0
2020,4,10.0,0.0,1.01
2021,5,10.1,0.0,1.0
2022,6,10.1,0.0,0.0
2023,7,10.1,0.0,0.0
2024,8,10.1,0.0,0.0
1913,9,10.1,0.0,0.0
1914,10,10.2,0.0,0.99
1915,11,10.3,0.0,0.98
1916,12,10.3,0.0,0.0
1917,1,10.1,0.0,-1.94
1918,2,10.0,0.0,-0.99
1919,3,9.9,0.0,-1.0
1920,4,10.0,0.0,1.01
1921,5,10.1,0.0,1.0
1922,6,10.1,0.0,0.0
1923,7,10.1,0.0,0.0
1924,8,10.1,0.0,0.0
1925,9,10.1,0.0,0.0
1926,10,10.2,0.0,0.99
1927,11,10.3,0.0,0.98
1928,12,10.3,0.0,0.0
1929,1,10.1,0.0,-1.94
1930,2,10.0,0.0,-0.99
1931,3,9.9,0.0,-1.0
1932,4,10.0,0.0,1.01
1933,5,10.1,0.0,1.0
1934,6,10.1,0.0,0.0
1935,7,10.1,0.0,0.0
1936,8,10.1,0.0,0.0
1937,9,10.1,0.0,0.0
1938,10,10.2,0.0,0.99
1939,11,10.3,0.0,0.98
1940,12,10.3,0.0,0.0
1941,1,10.1,0.0,-1.94
1942,2,10.0,0.0,-0.99
1943,3,9.9,0.0,-1.0
1944,4,10.0,0.0,1.01
1945,5,10.1,0.0,1.0
1946,6,10.1,0.0,0.0
1947,7,10.1,0.0,0.0
1948,8,10.1,0.0,0.0
1949,9,10.1,0.0,0.0
1950,10,10.2,0.0,0.99
1951,11,10.3,0.0,0.98
1952,12,10.3,0.0,0.0
1953,1,10.1,0.0,-1.94
1954,2,10.0,0.0,-0.99
1955,3,9.9,0.0,-1.0
1956,4,10.0,0.0,1.01
1957,5,10.1,0.0,1.0
1958,6,10.1,0.0,0.0
1959,7,10.1,0.0,0.0
1960,8,10.1,0.0,0.0
1961,9,10.1,0.0,0.0
1962,10,10.2,0.0,0.99
1963,11,10.3,0.0,0.98
1964,12,10.3,0.0,0.0
1965,1,10.1,0.0,-1.94
1966,2,10.0,0.0,-0.99
1967,3,9.9,0.0,-1.0
1968,4,10.0,0.0,1.01
1969,5,10.1,0.0,1.0
1970,6,10.1,0.0,0.0
1971,7,10.1,0.0,0.0
1972,8,10.1,0.0,0.0
1973,9,10.1,0.0,0.0
1974,10,10.2,0.0,0.99
1975,11,10.3,0.0,0.98
1976,12,10.3,0.0,0.0
1977,1,10.1,0.0,-1.94
1978,2,10.0,0.0,-0.99
1979,3,9.9,0.0,-1.0
1980,4,10.0,0.0,1.01
1981,5,10.1,0.0,1.0
1982,6,10.1,0.0,0.0
1983,7,10.1,0.0,0.0
1984,8,10.1,0.0,0.0
1985,9,10.1,0.0,0.0
1986,10,10.2,0.0,0.99
1987,11,10.3,0.0,0.98
1988,12,10.3,0.0,0.0
1989,1,10.1,0.0,-1.94
1990,2,10.0,0.0,-0.99
1991,3,9.9,0.0,-1.0
1992,4,10.0,0.0,1.01
1993,5,10.1,0.0,1.0
1994,6,10.1,0.0,0.0
1995,7,10.1,0.0,0.0
1996,8,10.1,0.0,0.0
1997,9,10.1,0.0,0.0
1998,10,10.2,0.0,0.99
1999,11,10.3,0.0,0.98
2000,12,10.3,0.0,0.0
2001,1,10.1,0.0,-1.94
2002,2,10.0,0.0,-0.99
2003,3,9.9,0.0,-1.0
2004,4,10.0,0.0,1.01
2005,5,10.1,0.0,1.0
2006,6,10.1,0.0,0.0
2007,7,10.1,0.0,0.0
2008,8,10.1,0.0,0.0
2009,9,10.1,0.0,0.0
2010,10,10.2,0.0,0.99
2011,11,10.3,0.0,0.98
2012,12,10.3,0.0,0.0
2013,1,10.1,0.0,-1.94
2014,2,10.0,0.0,-0.99
2015,3,9.9,0.0,-1.0
2016,4,10.0,0.0,1.01
2017,5,10.1,0.0,1.0
2018,6,10.1,0.0,0.0
2019,7,10.1,0.0,0.0
2020,8,10.1,0.0,0.0
2021,9,10.1,0.0,0.0
2022,10,10.2,0.0,0.99
2023,11,10.3,0.0,0.98
2024,12,10.3,0.0,0.0
1913,1,10.1,0.0,-1.94
1914,2,10.0,0.0,-0.99
1915,3,9.9,0.0,-1.0
1916,4,10.0,0.0,1.01
1917,5,10.1,0.0,1.0
1918,6,10.1,0.0,0.0
1919,7,10.1,0.0,0.0
1920,8,10.1,0.0,0.0
1921,9,10.1,0.0,0.0
1922,10,10.2,0.0,0.99
1923,11,10.3,0.0,0.98
1924,12,10.3,0.0,0.0
1925,1,10.1,0.0,-1.94
1926,2,10.0,0.0,-0.99
1927,3,9.9,0.0,-1.0
1928,4,10.0,0.0,1.01
1929,5,10.1,0.0,1.0
1930,6,10.1,0.0,0.0
1931,7,10.1,0.0,0.0
1932,8,10.1,0.0,0.0
1933,9,10.1,0.0,0.0
1934,10,10.2,0.0,0.99
1935,11,10.3,0.0,0.98
1936,12,10.3,0.0,0.0
1937,1,10.1,0.0,-1.94
1938,2,10.0,0.0,-0.99
1939,3,9.9,0.0,-1.0
1940,4,10.0,0.0,1.01
1941,5,10.1,0.0,1.0
1942,6,10.1,0.0,0.0
1943,7,10.1,0.0,0.0
1944,8,10.1,0.0,0.0
1945,9,10.1,0.0,0.0
1946,10,10.2,0.0,0.99
1947,11,10.3,0.0,0.98
1948,12,10.3,0.0,0.0
1949,1,10.1,0.0,-1.94
1950,2,10.0,0.0,-0.99
1951,3,9.9,0.0,-1.0
1952,4,10.0,0.0,1.01
1953,5,10.1,0.0,1.0
1954,6,10.1,0.0,0.0
1955,7,10.1,0.0,0.0
1956,8,10.1,0.0,0.0
1957,9,10.1,0.0,0.0
1958,10,10.2,0.0,0.99
1959,11,10.3,0.0,0.98
1960,12,10.3,0.0,0.0
1961,1,10.1,0.0,-1.94
1962,2,10.0,0.0,-0.99
1963,3,9.9,0.0,-1.0
1964,4,10.0,0.0,1.01
1965,5,10.1,0.0,1.0
1966,6,10.1,0.0,0.0
1967,7,10.1,0.0,0.0
1968,8,10.1,0.0,0.0
1969,9,10.1,0.0,0.0
1970,10,10.2,0.0,0.99
1971,11,10.3,0.0,0.98
1972,12,10.3,0.0,0.0
1973,1,10.1,0.0,-1.94
1974,2,10.0,0.0,-0.99
1975,3,9.9,0.0,-1.0
1976,4,10.0,0.0,1.01
1977,5,10.1,0.0,1.0
1978,6,10.1,0.0,0.0
1979,7,10.1,0.0,0.0
1980,8,10.1,0.0,0.0
1981,9,10.1,0.0,0.0
1982,10,10.2,0.0,0.99
1983,11,10.3,0.0,0.98
1984,12,10.3,0.0,0.0
1985,1,10.1,0.0,-1.94
1986,2,10.0,0.0,-0.99
1987,3,9.9,0.0,-1.0
1988,4,10.0,0.0,1.01
1989,5,10.1,0.0,1.0
1990,6,10.1,0.0,0.0
1991,7,10.1,0.0,0.0
1992,8,10.1,0.0,0.0
1993,9,10.1,0.0,0.0
1994,10,10.2,0.0,0.99
1995,11,10.3,0.0,0.98
1996,12,10.3,0.0,0.0
1997,1,10.1,0.0,-1.94
1998,2,10.0,0.0,-0.99
1999,3,9.9,0.0,-1.0
2000,4,10.0,0.0,1.01
2001,5,10.1,0.0,1.0
2002,6,10.1,0.0,0.0
2003,7,10.1,0.0,0.0
2004,8,10.1,0.0,0.0
2005,9,10.1,0.0,0.0
2006,10,10.2,0.0,0.99
2007,11,10.3,0.0,0.98
2008,12,10.3,0.0,0.0
2009,1,10.1,0.0,-1.94
2010,2,10.0,0.0,-0.99
2011,3,9.9,0.0,-1.0
2012,4,10.0,0.0,1.01
2013,5,10.1,0.0,1.0
2014,6,10.1,0.0,0.0
2015,7,10.1,0.0,0.0
2016,8,10.1,0.0,0.0
2017,9,10.1,0.0,0.0
2018,10,10.2,0.0,0.99
2019,11,10.3,0.0,0.98
2020,12,10.3,0.0,0.0
2021,1,10.1,0.0,-1.94
2022,2,10.0,0.0,-0.99
2023,3,9.9,0.0,-1.0
2024,4,10.0,0.0,1.01
1913,5,10.1,0.0,1.0
1914,6,10.1,0.0,0.0
1915,7,10.1,0.0,0.0
1916,8,10.1,0.0,0.0
1917,9,10.1,0.0,0.0
1918,10,10.2,0.0,0.99
1919,11,10.3,0.0,0.98
1920,12,10.3,0.0,0.0
1921,1,10.1,0.0,-1.94
1922,2,10.0,0.0,-0.99
1923,3,9.9,0.0,-1.0
1924,4,10.0,0.0,1.01
1925,5,10.1,0.0,1.0
1926,6,10.1,0.0,0.0
1927,7,10.1,0.0,0.0
1928,8,10.1,0.0,0.0
1929,9,10.1,0.0,0.0
1930,10,10.2,0.0,0.99
1931,11,10.3,0.0,0.98
1932,12,10.3,0.0,0.0
1933,1,10.1,0.0,-1.94
1934,2,10.0,0.0,-0.99
1935,3,9.9,0.0,-1.0
1936,4,10.0,0.0,1.01
1937,5,10.1,0.0,1.0
1938,6,10.1,0.0,0.0
1939,7,10.1,0.0,0.0
1940,8,10.1,0.0,0.0
1941,9,10.1,0.0,0.0
1942,10,10.2,0.0,0.99
1943,11,10.3,0.0,0.98
1944,12,10.3,0.0,0.0
1945,1,10.1,0.0,-1.94
1946,2,10.0,0.0,-0.99
1947,3,9.9,0.0,-1.0
1948,4,10.0,0.0,1.01
1949,5,10.1,0.0,1.0
1950,6,10.1,0.0,0.0
1951,7,10.1,0.0,0.0
1952,8,10.1,0.0,0.0
1953,9,10.1,0.0,0.0
1954,10,10.2,0.0,0.99
1955,11,10.3,0.0,0.98
1956,12,10.3,0.0,0.0
1957,1,10.1,0.0,-1.94
1958,2,10.0,0.0,-0.99
1959,3,9.9,0.0,-1.0
1960,4,10.0,0.0,1.01
1961,5,10.1,0.0,1.0
1962,6,10.1,0.0,0.0
1963,7,10.1,0.0,0.0
1964,8,10.1,0.0,0.0
1965,9,10.1,0.0,0.0
1966,10,10.2,0.0,0.99
1967,11,10.3,0.0,0.98
1968,12,10.3,0.0,0.0
1969,1,10.1,0.0,-1.94
1970,2,10.0,0.0,-0.99
1971,3,9.9,0.0,-1.0
1972,4,10.0,0.0,1.01
1973,5,10.1,0.0,1.0
1974,6,10.1,0.0,0.0
1975,7,10.1,0.0,0.0
1976,8,10.1,0.0,0.0
1977,9,10.1,0.0,0.0
1978,10,10.2,0.0,0.99
1979,11,10.3,0.0,0.98
1980,12,10.3,0.0,0.0
1981,1,10.1,0.0,-1.94
1982,2,10.0,0.0,-0.99
1983,3,9.9,0.0,-1.0
1984,4,10.0,0.0,1.01
1985,5,10.1,0.0,1.0
1986,6,10.1,0.0,0.0
1987,7,10.1,0.0,0.0
1988,8,10.1,0.0,0.0
1989,9,10.1,0.0,0.0
1990,10,10.2,0.0,0.99
1991,11,10.3,0.0,0.98
1992,12,10.3,0.0,0.0
1993,1,10.1,0.0,-1.94
1994,2,10.0,0.0,-0.99
1995,3,9.9,0.0,-1.0
1996,4,10.0,0.0,1.01
1997,5,10.1,0.0,1.0
1998,6,10.1,0.0,0.0
1999,7,10.1,0.0,0.0
2000,8,10.1,0.0,0.0
2001,9,10.1,0.0,0.0
2002,10,10.2,0.0,0.99
2003,11,10.3,0.0,0.98
2004,12,10.3,0.0,0.0
2005,1,10.1,0.0,-1.94
2006,2,10.0,0.0,-0.99
2007,3,9.9,0.0,-1.0
2008,4,10.0,0.0,1.01
2009,5,10.1,0.0,1.0
2010,6,10.1,0.0,0.0
2011,7,10.1,0.0,0.0
2012,8,10.1,0.0,0.0
2013,9,10.1,0.0,0.0
2014,10,10.2,0.0,0.99
2015,11,10.3,0.0,0.98
2016,12,10.3,0.0,0.0
2017,1,10.1,0.0,-1.94
2018,2,10.0,0.0,-0.99
2019,3,9.9,0.0,-1.0
2020,4,10.0,0.0,1.01
2021,5,10.1,0.0,1.0
2022,6,10.1,0.0,0.0
2023,7,10.1,0.0,0.0
2024,8,10.1,0.0,0.0
1913,9,10.1,0.0,0.0
1914,10,10.2,0.0,0.99
1915,11,10.3,0.0,0.98
1916,12,10.3,0.0,0.0
1917,1,10.1,0.0,-1.94
1918,2,10.0,0.0,-0.99
1919,3,9.9,0.0,-1.0
1920,4,10.0,0.0,1.01
1921,5,10.1,0.0,1.0
1922,6,10.1,0.0,0.0
1923,7,10.1,0.0,0.0
1924,8,10.1,0.0,0.0
1925,9,10.1,0.0,0.0
1926,10,10.2,0.0,0.99
1927,11,10.3,0.0,0.98
1928,12,10.3,0.0,0.0
1929,1,10.1,0.0,-1.94
1930,2,10.0,0.0,-0.99
1931,3,9.9,0.0,-1.0
1932,4,10.0,0.0,1.01
1933,5,10.1,0.0,1.0
1934,6,10.1,0.0,0.0
1935,7,10.1,0.0,0.0
1936,8,10.1,0.0,0.0
1937,9,10.1,0.0,0.0
1938,10,10.2,0.0,0.99
1939,11,10.3,0.0,0.98
1940,12,10.3,0.0,0.0
1941,1,10.1,0.0,-1.94
1942,2,10.0,0.0,-0.99
1943,3,9.9,0.0,-1.0
1944,4,10.0,0.0,1.01
1945,5,10.1,0.0,1.0
1946,6,10.1,0.0,0.0
1947,7,10.1,0.0,0.0
1948,8,10.1,0.0,0.0
1949,9,10.1,0.0,0.0
1950,10,10.2,0.0,0.99
1951,11,10.3,0.0,0.98
1952,12,10.3,0.0,0.0
1953,1,10.1,0.0,-1.94
1954,2,10.0,0.0,-0.99
1955,3,9.9,0.0,-1.0
1956,4,10.0,0.0,1.01
1957,5,10.1,0.0,1.0
1958,6,10.1,0.0,0.0
1959,7,10.1,0.0,0.0
1960,8,10.1,0.0,0.0
1961,9,10.1,0.0,0.0
1962,10,10.2,0.0,0.99
1963,11,10.3,0.0,0.98
1964,12,10.3,0.0,0.0
1965,1,10.1,0.0,-1.94
1966,2,10.0,0.0,-0.99
1967,3,9.9,0.0,-1.0
1968,4,10.0,0.0,1.01
1969,5,10.1,0.0,1.0
1970,6,10.1,0.0,0.0
1971,7,10.1,0.0,0.0
1972,8,10.1,0.0,0.0
1973,9,10.1,0.0,0.0
1974,10,10.2,0.0,0.99
1975,11,10.3,0.0,0.98
1976,12,10.3,0.0,0.0
1977,1,10.1,0.0,-1.94
1978,2,10.0,0.0,-0.99
1979,3,9.9,0.0,-1.0
1980,4,10.0,0.0,1.01
1981,5,10.1,0.0,1.0
1982,6,10.1,0.0,0.0
1983,7,10.1,0.0,0.0
1984,8,10.1,0.0,0.0
1985,9,10.1,0.0,0.0
1986,10,10.2,0.0,0.99
1987,11,10.3,0.0,0.98
1988,12,10.3,0.0,0.0
1989,1,10.1,0.0,-1.94
1990,2,10.0,0.0,-0.99
1991,3,9.9,0.0,-1.0
1992,4,10.0,0.0,1.01
1993,5,10.1,0.0,1.0
1994,6,10.1,0.0,0.0
1995,7,10.1,0.0,0.0
1996,8,10.1,0.0,0.0
1997,9,10.1,0.0,0.0
1998,10,10.2,0.0,0.99
1999,11,10.3,0.0,0.98
2000,12,10.3,0.0,0.0
2001,1,10.1,0.0,-1.94
2002,2,10.0,0.0,-0.99
2003,3,9.9,0.0,-1.0
2004,4,10.0,0.0,1.01
2005,5,10.1,0.0,1.0
2006,6,10.1,0.0,0.0
2007,7,10.1,0.0,0.0
2008,8,10.1,0.0,0.0
2009,9,10.1,0.0,0.0
2010,10,10.2,0.0,0.99
2011,11,10.3,0.0,0.98
2012,12,10.3,0.0,0.0
2013,1,10.1,0.0,-1.94
2014,2,10.0,0.0,-0.99
2015,3,9.9,0.0,-1.0
2016,4,10.0,0.0,1.01
2017,5,10.1,0.0,1.0
2018,6,10.1,0.0,0.0
2019,7,10.1,0.0,0.0
2020,8,10.1,0.0,0.0
2021,9,10.1,0.0,0.0
2022,10,10.2,0.0,0.99
2023,11,10.3,0.0,0.98
2024,12,10.3,0.0,0.0